-60
-60.1056
-60.2103
-60.4566
-60.6992
-60.9382
-61.3914
-61.8353
-62.2715
-62.7011
-63.1246
-63.5423
-64.35
-65.1291
-65.8759
-66.5869
-67.62
-68.5513
-69.3809
-70.1143
-71.2662
-72.1695
-72.8801
-73.4438
-73.8952
-74.26
-74.5575
-74.8023
-75.0055
-75.1754
-75.3186
-75.4402
-75.5442
-75.6832
-75.7938
-75.8829
-75.9554
-76.0148
-76.0641
-76.1314
-76.1817
-76.2196
-76.2481
-76.2696
-76.2858
-76.3084
-76.3193
-76.3222
-76.3189
-76.3133
-76.3133
-76.2957
-76.2822
-76.2652
-76.252
-76.223
-76.2002
-76.1789
-76.1582
-76.1143
-76.0518
-75.9953
-75.9432
-75.8947
-75.816
-75.744
-75.6374
-75.5407
-75.3958
-75.2639
-75.1413
-75.026
-74.9169
-74.7579
-74.609
-74.4682
-74.2647
-74.0747
-73.7987
-73.4219
-73.0807
-72.7671
-72.4748
-72.1991
-71.9369
-71.6861
-71.3131
-70.9581
-70.6173
-70.2878
-69.8037
-69.3342
-68.8751
-68.4236
-67.9776
-67.2416
-66.5098
-65.7776
-65.041
-64.2953
-63.0904
-61.8229
-60.4526
-58.9104
-57.0694
-55.7779
-54.2153
-52.2215
-50.7466
-48.9235
-46.5863
-44.7571
-42.5167
-39.7093
-36.103
-33.1327
-29.5325
-25.127
-19.7051
-13.0463
-8.15508
-2.70307
3.25777
9.59496
16.0807
22.4063
26.2607
29.8182
33.0126
35.8018
38.1703
40.1282
41.7056
42.9458
43.8977
44.6103
45.1288
45.4921
45.7328
45.8766
45.9441
45.9508
45.9088
45.8268
45.7119
45.569
45.4019
45.2135
45.0059
44.7809
44.5397
44.2834
44.0131
43.7293
43.4328
43.1242
42.8037
42.4719
42.1289
41.775
41.4105
41.0355
40.6503
40.2551
39.8503
39.436
39.0126
38.5804
38.1396
37.6904
37.2333
36.4506
35.6471
34.8241
33.9826
33.1237
32.2486
30.7872
29.2899
27.7611
26.2053
24.6267
21.6094
18.5493
15.4676
12.382
9.30736
6.25476
3.2335
0.250388
-2.6901
-5.58536
-8.43425
-11.237
-13.9952
-16.7115
-21.1595
-25.5328
-28.4629
-31.4127
-34.411
-37.499
-40.7296
-44.1674
-47.8689
-51.8688
-54.3696
-56.9306
-59.5089
-62.0396
-64.4407
-66.6268
-68.5318
-70.1198
-71.3904
-72.3733
-73.1143
-73.5123
-73.8328
-74.0887
-74.2916
-74.4515
-74.5766
-74.6736
-74.7477
-74.8035
-74.8445
-74.8735
-74.893
-74.9048
-74.9116
-74.9083
-74.8979
-74.8824
-74.8632
-74.8413
-74.8176
-74.7789
-74.7379
-74.6954
-74.6516
-74.6069
-74.5135
-74.4173
-74.3185
-74.2171
-73.9772
-73.7232
-73.4557
-73.174
-72.8777
-72.4042
-71.8966
-71.3549
-70.7802
-70.174
-69.5388
-68.8774
-68.1934
-67.0034
-65.7802
-64.541
-63.2959
-62.0449
-60.7652
-59.4003
-57.8377
-57.3806
-56.8678
-56.2895
-55.6251
-54.8338
-53.8453
-52.543
-52.147
-51.7114
-51.2306
-50.0364
-49.2698
-48.385
-47.3502
-46.1245
-44.6515
-43.6188
-42.4461
-41.1056
-39.5617
-37.7712
-35.6796
-33.2184
-30.3035
-28.2098
-25.8726
-23.2638
-20.3552
-17.1219
-13.5462
-9.62531
-5.37448
-2.76666
-0.0770316
2.67507
5.46597
8.2679
11.0498
13.7786
16.4207
18.9438
21.3187
23.521
25.5321
27.3396
28.9382
30.3285
31.517
32.5139
33.3329
33.9894
34.4994
34.8792
35.144
35.3084
35.385
35.3854
35.3195
35.1959
35.0219
34.8037
34.5466
34.255
33.9327
33.5829
33.2084
32.8116
32.3947
31.9594
31.5072
31.0397
30.5581
30.0632
29.5563
29.0381
28.5093
27.9707
27.4231
26.8669
26.3029
25.7316
25.1536
24.5695
23.9796
23.3846
22.3988
21.4022
20.3963
19.3827
18.3628
17.3378
16.309
14.347
10.7932
8.42794
6.07792
3.74934
1.44693
-0.826155
-3.06768
-5.27599
-7.45008
-9.58957
-13.0685
-16.4565
-19.7606
-22.9917
-26.1649
-29.3019
-32.4313
-35.5913
-38.8297
-42.2026
-45.7689
-49.5724
-52.3222
-55.1671
-58.056
-60.9106
-63.6243
-66.0852
-67.5406
-68.8254
-69.9356
-70.8766
-71.6611
-72.3064
-72.8318
-73.2565
-73.5975
-73.8699
-74.0862
-74.2568
-74.3904
-74.4936
-74.5723
-74.6309
-74.6732
-74.7024
-74.7209
-74.7308
-74.7339
-74.7316
-74.7202
-74.7018
-74.6785
-74.6516
-74.6222
-74.5909
-74.5409
-74.4888
-74.435
-74.3799
-74.3236
-74.1928
-74.0574
-73.9176
-73.7735
-73.5132
-73.0859
-72.6254
-72.1311
-71.603
-71.0412
-70.4468
-69.8218
-69.1687
-68.4909
-67.7923
-67.0771
-66.3496
-65.1565
-63.9529
-62.7454
-61.5269
-60.7858
-60.0206
-59.2142
-58.6625
-58.0655
-57.4047
-56.6446
-56.1226
-55.5266
-54.8268
-53.9772
-53.3971
-52.7241
-51.927
-50.9638
-50.2732
-49.4774
-48.5497
-47.4519
-46.1339
-45.1844
-44.1024
-42.8598
-41.4201
-39.738
-37.755
-35.3953
-33.7617
-31.9331
-29.8813
-27.5752
-24.9805
-22.0622
-18.7868
-15.1279
-11.0712
-6.6266
-3.97882
-1.23682
1.58035
4.44854
7.33864
10.2174
13.0488
15.7959
18.4225
20.8959
23.1884
25.2782
27.1516
28.8021
30.2305
31.4438
32.4536
33.275
33.9252
34.4218
34.7827
35.0246
35.1627
35.2108
35.1811
35.084
34.9283
34.7217
34.4703
34.1797
33.8543
33.4979
33.1138
32.7049
32.2736
31.822
31.3519
30.8649
30.3625
29.8459
29.3161
28.7742
28.2209
27.6572
27.0838
26.5013
25.9106
25.3121
24.7066
24.0947
23.4769
22.5085
21.5291
20.5403
19.5437
18.5406
17.5322
16.5198
14.7258
11.9031
9.08682
6.28995
3.52201
0.791524
-1.896
-4.53733
-7.13063
-9.67504
-12.1706
-14.6185
-17.0209
-20.7249
-24.34
-27.891
-31.4147
-34.9587
-38.5878
-42.3793
-46.4172
-49.3398
-52.4054
-55.5827
-58.8007
-61.943
-64.8595
-66.5347
-68.0268
-69.3217
-70.4196
-71.3313
-72.0757
-72.6759
-73.1552
-73.5354
-73.8351
-74.0698
-74.2523
-74.3928
-74.4996
-74.5794
-74.6373
-74.6779
-74.7044
-74.7199
-74.7266
-74.7264
-74.7208
-74.7109
-74.6895
-74.6626
-74.6319
-74.5985
-74.5301
-74.4571
-74.404
-74.35
-74.295
-74.2389
-74.1508
-74.0605
-73.9685
-73.8751
-73.7798
-73.6824
-73.5829
-73.4034
-73.2177
-73.0262
-72.8286
-72.6247
-72.147
-71.637
-71.095
-70.5222
-69.9202
-69.2914
-68.1963
-67.0519
-65.8757
-64.684
-63.488
-62.2881
-61.0702
-59.7954
-58.8419
-57.7579
-56.9426
-55.9527
-55.1442
-54.1294
-53.2451
-52.1249
-50.6354
-49.4629
-47.9803
-46.0387
-44.4288
-42.4256
-39.8763
-36.5545
-33.8568
-30.5818
-26.5788
-21.6736
-15.6989
-11.432
-6.7235
-1.62536
3.75205
9.23257
14.5864
17.9461
21.0712
23.9058
26.4103
28.5643
30.3655
31.8279
32.9765
33.8438
34.465
34.8751
35.1066
35.1883
35.1451
34.9976
34.7626
34.4538
34.0823
33.6569
33.185
32.6726
32.1247
31.5453
30.938
30.3058
29.6511
28.976
28.2824
27.5719
26.8461
26.1064
25.3542
24.5907
23.817
23.0344
22.2439
21.4463
20.211
18.9641
17.7083
16.4458
14.1607
11.871
10.2177
8.56959
6.9289
5.2977
3.67778
2.07059
0.477295
-1.10118
-2.66406
-5.58809
-8.4516
-11.2542
-13.9973
-16.6831
-19.3156
-23.8679
-28.3159
-32.7295
-37.2077
-40.2582
-43.447
-45.8059
-45.8059
-45.8276
-45.8451
-45.8686
-45.8881
-45.9355
-45.9765
-46.0159
-46.0546
-46.1381
-46.2615
-46.3784
-46.4903
-46.6512
-46.8054
-46.9541
-47.1973
-47.4312
-47.8291
-48.2128
-48.5869
-48.9538
-49.3152
-49.882
-50.4418
-50.9975
-51.8563
-52.7139
-53.573
-55.1252
-56.6867
-58.2522
-59.8119
-61.3538
-62.8631
-64.3235
-65.7182
-67.0322
-68.2529
-69.3715
-70.3828
-71.2862
-72.0846
-72.7838
-73.3917
-73.9172
-74.3696
-74.758
-75.0908
-75.3757
-75.6194
-75.8277
-76.0058
-76.1578
-76.2877
-76.3984
-76.4927
-76.5729
-76.641
-76.6986
-76.7474
-76.7884
-76.823
-76.8668
-76.8998
-76.9245
-76.943
-76.9624
-76.9749
-76.983
-76.9883
-76.9918
-76.9941
-76.9956
-76.997
-76.9977
-76.998
-76.9983
-76.9984
-76.9986
-76.9986
-76.9984
-76.9981
-76.9977
-76.9966
-76.9954
-76.9942
-76.9928
-76.9887
-76.9832
-76.976
-76.9675
-76.9499
-76.929
-76.8915
-76.8494

